Current known issues:
   Digit loader won't run correctly, the data model looks different than that loaded by the minst loader and they need to be the same format going into the equation. May be numpy array in the minst loader? Here's the results for training_data from both:

   print mtraining_data
      [(array([[ 0.        ],
             [ 0.        ],
             [ 0.        ],
             [ 0.        ],
             [ 0.        ],
             ...

   print training_data
      [([1, 1, 1, 1, 0, 1, 0, 0, 1, 0, 0, 1, 0, 0, 1], [0, 0, 0, 0, 0, 0, 0, 1, 0, 0]), ([1, 1, 1, 0, 0, 1, 1, 1, 1, 0, 0, 1, 1, 1, 1], [0, 0, 0, 1, 0, 0, 0, 0, 0, 0]), ([1, 1, 1, 1, 0, 1, 1, 0, 1, 1, 0, 1, 1, 1, 1], [1, 0, 0, 0, 0, 0, 0, 0, 0, 0]), ([1, 0, 1, 1, 0, 1, 1, 1, 1, 0, 0, 1, 0, 0, 1], [0, 0, 0, 0, 1, 0, 0, 0, 0, 0]), ([1, 1, 1, 1, 0, 1, 1, 1, 1, 1, 0, 1, 1, 1, 1], [0, 0, 0, 0, 0, 0, 0, 0, 1, 0]), ([0, 1, 0, 1, 1, 0, 0, 1, 0, 0, 1, 0, 1, 1, 1], [0, 1, 0, 0, 0, 0, 0, 0, 0, 0]), ([1, 1, 1, 1, 0, 0, 1, 1, 0, 0, 0, 1, 1, 1, 0], [0, 0, 0, 0, 0, 1, 0, 0, 0, 0]), ([0, 1, 1, 1, 0, 1, 0, 0, 1, 0, 1, 0, 1, 1, 1], [0, 0, 1, 0, 0, 0, 0, 0, 0, 0]), ([1, 1, 1, 1, 0, 1, 1, 1, 1, 0, 0, 1, 0, 0, 1], [0, 0, 0, 0, 0, 0, 0, 0, 0, 1]), ([1, 1, 1, 1, 0, 0, 1, 1, 1, 1, 0, 1, 1, 1, 1], [0, 0, 0, 0, 0, 0, 1, 0, 0, 0])]
